    red: 0.79216, 0.11765, 0.11373
  green: 0.25000, 0.88600, 0.25400
 yellow: 0.94118, 0.80000, 0.20000
   blue: 0.30980, 0.30980, 0.54510
magenta: 0.65882, 0.05882, 0.36078
  brown: 0.44314, 0.13333, 0.04314
   cyan: 0.20392, 0.29412, 0.32157